0 0 0
0.0963853 1 1
0.192771 2 2
0.289156 3 3
0.385541 4 4
0.481927 5 5
0.578312 6 6
0.674697 7 7
0.771083 8 8
0.867468 9 9
0.963853 10 10
1.06024 11 11
1.15662 12 12
1.25301 13 13
1.34939 14 14
1.44578 15 15
1.54217 16 16
1.63855 17 17
1.73494 18 18
1.83132 19 19
1.92771 20 20
2.02409 21 21
2.12048 22 22
2.21686 23 23
2.31325 24 24
2.40963 25 25
2.50602 26 26
2.6024 27 27
2.69879 28 28
2.79517 29 29
2.89156 30 30
2.98795 31 31
3.08433 32 32
3.18072 33 33
3.2771 34 34
3.37349 35 35
3.46987 36 36
3.56626 37 37
3.66264 38 38
3.75903 39 39
3.85541 40 40
3.9518 41 41
4 41.5 41.5
4.14706 42 42
4.44117 43 43
4.73529 44 44
5.0294 45 45
5.32352 46 46
5.61764 47 47
5.91176 48 48
6.20588 49 49
6.5 50 50
8 44 44
15 44 44
20 48 48.5
21.67 49.167 50
22.78 49.9447 51
23.89 50.7223 52
25 51.5 53
26.665 52.5 54
28.33 53.5 55
30 54.5 56
31.6667 55.3333 57
33.3333 56.1667 58
35 57 59
37 57.8 60
39 58.6 61
40 59 61.5
41 59.4 62
43 60.2 63
45 61 64
47 61.8 65
49 62.6 66
50 63 66.5
51.25 63.375 67
53.75 64.125 68
55 64.5 68.5
56 64.8 69
58 65.4 70
60 66 71
62.5 66.4 72
65 66.8 73
67 66.96 74
69 67.12 75
70 67.2 75.5
71 67.12 76
73 66.96 77
75 66.8 78
76.25 66.475 79
77.5 66.15 80
78.75 65.825 81
80 65.5 82
81.25 65 83
82.5 64.5 84
83.75 64 85
85 63.5 86
85.8325 63 87
86.665 62.5 88
87.4975 62 89
88.33 61.5 90
89.165 61 91
90 60.5 92
90.8333 59.8333 93
91.6667 59.1667 94
92.5 58.5 95
93.3333 57.8333 96
94.1667 57.1667 97
95 56.5 98
95.665 55.72 99
96.33 54.94 100
96.998 54.164 101
97.666 53.388 102
98 53 102.5
